-2 0.125
5 0.140
2 0.125

2 0.125

0 0.125

-2 0.150



-2 0.125

3 0.140

2 0.125

2 0.125
0 0.125

0 0.125

-2 0.150



-2 0.125
3 0.125

2 0.125

2 0.125
0 0.125

0 0.125

-2 0.125

0 0.125

-5 0.125
-7 0.250




-2 0.125

-2 0.125

5 0.125
2 0.125

2 0.125

0 0.125

0 0.125



-2 0.125

-2 0.125

3 0.125
2 0.125

2 0.125

0 0.125

0 0.125


-2 0.125

-2 0.125

3 0.125

2 0.125

0 0.125

0 0.125

-2 0.125

0 0.125

-5 0.125
-7 0.250






-2 0.125

-2 0.125

-2 0.125

-2 0.125

-2 0.125
-2 0.125



-2 0.125

-5 0.125

-2 0.125

-2 0.125

2 0.125
-2 0.125



-2 0.125

-2 0.125

-2 0.125

-2 0.125

-2 0.125
-5 0.125
-2 0.125

-2 0.125

-2 0.125

2 0.125
-2 0.125



2 0.125
2 0.125

5 0.125

3 0.125

2 0.125

-2 0.125

0 0.125

-2 0.125

-2 0.125



-2 0.125

2 0.125

-2 0.125

-2 0.125

-2 0.125

-5 0.125

-2 0.125

-2 0.125

-5 0.125
-7 0.125