-5 0.125
-5 0.125

-3 0.125
-5 0.250

-3 0.125

-5 0.125
-3 0.125
0 0.250



2 0.125

2 0.125

4 0.125
2 0.250

-3 0.125
-3 0.125
-3 0.125
-5 0.125

-3 0.125
0 0.250



-5 0.125

-5 0.125

-3 0.125

-5 0.250

-5 0.125
-3 0.125

0 0.125

4 0.125

4 0.250



2 0.125
2 0.125

2 0.125

2 0.125

4 0.125
2 0.250



-3 0.125
0 0.125

0 0.125

2 0.125

0 0.250






0 0.125
2 0.125

4 0.250

4 0.125

0 0.125

2 0.250



4 0.125

2 0.125

0 0.125

4 0.125

7 0.125
9 0.250




9 0.125

9 0.125
7 0.125
4 0.250



4 0.125
0 0.125

2 0.125
4 0.250



4 0.125

2 0.125

0 0.250

0 0.125
2 0.125

0 0.250